5096
5104
64

368
415
51

400
447
51

432
479
51

464
511
51

496
543
51

528
575
51

560
607
51

592
639
51

624
671
51

656
703
51

688
735
51

720
767
51

752
799
51

5096
5104
68

368
415
55

400
447
55

432
479
55

464
511
55

496
543
55

528
575
55

560
607
55

592
639
55

624
671
55

656
703
55

688
735
55

720
767
55

752
799
55

5096
5104
72

368
415
59

400
447
59

432
479
59

464
511
59

496
543
59

528
575
59

560
607
59

592
639
59

624
671
59

656
703
59

688
735
59

720
767
59

752
799
59

5096
5104
76

368
415
63

400
447
63

432
479
63

464
511
63

496
543
63

528
575
63

560
607
63

592
639
63

624
671
63

656
703
63

688
735
63

720
767
63

752
799
63

5096
5104
80

368
415
67

400
447
67

432
479
67

464
511
67

496
543
67

528
575
67

560
607
67

592
639
67

624
671
67

656
703
67

688
735
67

720
767
67

752
799
67

5096
5104
84

368
415
71

400
447
71

432
479
71

464
511
71

496
543
71

528
575
71

560
607
71

592
639
71

624
671
71

656
703
71

688
735
71

720
767
71

752
799
71

5096
5104
88

368
415
75

400
447
75

432
479
75

464
511
75

496
543
75

528
575
75

560
607
75

592
639
75

624
671
75

656
703
75

688
735
75

720
767
75

752
799
75

5096
5104
92

368
415
79

400
447
79

432
479
79

464
511
79

496
543
79

528
575
79

560
607
79

592
639
79

624
671
79

656
703
79

688
735
79

720
767
79

752
799
79

5096
5104
96

368
415
83

400
447
83

432
479
83

464
511
83

496
543
83

528
575
83

560
607
83

592
639
83

624
671
83

656
703
83

688
735
83

720
767
83

752
799
83

5096
5104
100

368
415
87

400
447
87

432
479
87

464
511
87

496
543
87

528
575
87

560
607
87

592
639
87

624
671
87

656
703
87

688
735
87

720
767
87

752
799
87

5096
5104
104

368
415
91

400
447
91

432
479
91

464
511
91

496
543
91

528
575
91

560
607
91

592
639
91

624
671
91

656
703
91

688
735
91

720
767
91

752
799
91

5096
5104
108

368
415
95

400
447
95

432
479
95

464
511
95

496
543
95

528
575
95

560
607
95

592
639
95

624
671
95

656
703
95

688
735
95

720
767
95

752
799
95

5096
5104
112

368
415
99

400
447
99

432
479
99

464
511
99

496
543
99

528
575
99

560
607
99

592
639
99

624
671
99

656
703
99

688
735
99

720
767
99

752
799
99

5096
5104
116

368
415
103

400
447
103

432
479
103

464
511
103

496
543
103

528
575
103

560
607
103

592
639
103

624
671
103

656
703
103

688
735
103

720
767
103

752
799
103

5096
5104
120

368
415
107

400
447
107

432
479
107

464
511
107

496
543
107

528
575
107

560
607
107

592
639
107

624
671
107

656
703
107

688
735
107

720
767
107

752
799
107

5096
5104
124

368
415
111

400
447
111

432
479
111

464
511
111

496
543
111

528
575
111

560
607
111

592
639
111

624
671
111

656
703
111

688
735
111

720
767
111

752
799
111

5096
5104
128

368
415
115

400
447
115

432
479
115

464
511
115

496
543
115

528
575
115

560
607
115

592
639
115

624
671
115

656
703
115

688
735
115

720
767
115

752
799
115

5096
5104
132

368
415
119

400
447
119

432
479
119

464
511
119

496
543
119

528
575
119

560
607
119

592
639
119

624
671
119

656
703
119

688
735
119

720
767
119

752
799
119

5096
5124
136

368
415
123

400
447
123

432
479
123

464
511
123

496
543
123

528
575
123

560
607
123

592
639
123

624
671
123

656
703
123

688
735
123

720
767
123

752
799
123

5094
5122
140

368
415
127

400
447
127

432
479
127

464
511
127

496
543
127

528
575
127

560
607
127

592
639
127

624
671
127

656
703
127

688
735
127

720
767
127

752
799
127

5092
5099
144

368
415
131

400
447
131

432
479
131

464
511
131

496
543
131

528
575
131

560
607
131

592
639
131

624
671
131

656
703
131

688
735
131

720
767
131

752
799
131

5092
5099
148

368
415
135

400
447
135

432
479
135

464
511
135

496
543
135

528
575
135

560
607
135

592
639
135

624
671
135

656
703
135

688
735
135

720
767
135

752
799
135

5092
5120
152

368
415
139

400
447
139

432
479
139

464
511
139

496
543
139

528
575
139

560
607
139

592
639
139

624
671
139

656
703
139

688
735
139

720
767
139

752
799
139

5090
5118
156

368
415
143

400
447
143

432
479
143

464
511
143

496
543
143

528
575
143

560
607
143

592
639
143

624
671
143

656
703
143

688
735
143

720
767
143

752
799
143

5088
5116
160

368
415
147

400
447
147

432
479
147

464
511
147

496
543
147

528
575
147

560
607
147

592
639
147

624
671
147

656
703
147

688
735
147

720
767
147

752
799
147

5086
5114
164

368
415
151

400
447
151

432
479
151

464
511
151

496
543
151

528
575
151

560
607
151

592
639
151

624
671
151

656
703
151

688
735
151

720
767
151

752
799
151

5084
5091
168

368
415
155

400
447
155

432
479
155

464
511
155

496
543
155

528
575
155

560
607
155

592
639
155

624
671
155

656
703
155

688
735
155

720
767
155

752
799
155

5084
5091
172

368
415
159

400
447
159

432
479
159

464
511
159

496
543
159

528
575
159

560
607
159

592
639
159

624
671
159

656
703
159

688
735
159

720
767
159

752
799
159

5084
5091
176

368
415
163

400
447
163

432
479
163

464
511
163

496
543
163

528
575
163

560
607
163

592
639
163

624
671
163

656
703
163

688
735
163

720
767
163

752
799
163

5084
5091
180

368
415
167

400
447
167

432
479
167

464
511
167

496
543
167

528
575
167

560
607
167

592
639
167

624
671
167

656
703
167

688
735
167

720
767
167

752
799
167

5084
5091
184

368
415
171

400
447
171

432
479
171

464
511
171

496
543
171

528
575
171

560
607
171

592
639
171

624
671
171

656
703
171

688
735
171

720
767
171

752
799
171

5084
5091
188

368
415
175

400
447
175

432
479
175

464
511
175

496
543
175

528
575
175

560
607
175

592
639
175

624
671
175

656
703
175

688
735
175

720
767
175

752
799
175

5084
5091
192

368
415
179

400
447
179

432
479
179

464
511
179

496
543
179

528
575
179

560
607
179

592
639
179

624
671
179

656
703
179

688
735
179

720
767
179

752
799
179

5084
5091
196

368
415
183

400
447
183

432
479
183

464
511
183

496
543
183

528
575
183

560
607
183

592
639
183

624
671
183

656
703
183

688
735
183

720
767
183

752
799
183

5084
5112
200

368
415
187

400
447
187

432
479
187

464
511
187

496
543
187

528
575
187

560
607
187

592
639
187

624
671
187

656
703
187

688
735
187

720
767
187

752
799
187

5082
5110
204

368
415
191

400
447
191

432
479
191

464
511
191

496
543
191

528
575
191

560
607
191

592
639
191

624
671
191

656
703
191

688
735
191

720
767
191

752
799
191

5080
5087
208

368
415
195

400
447
195

432
479
195

464
511
195

496
543
195

528
575
195

560
607
195

592
639
195

624
671
195

656
703
195

688
735
195

720
767
195

752
799
195

5080
5087
212

368
415
199

400
447
199

432
479
199

464
511
199

496
543
199

528
575
199

560
607
199

592
639
199

624
671
199

656
703
199

688
735
199

720
767
199

752
799
199

5080
5087
216

368
415
203

400
447
203

432
479
203

464
511
203

496
543
203

528
575
203

560
607
203

592
639
203

624
671
203

656
703
203

688
735
203

720
767
203

752
799
203

5080
5087
220

368
415
207

400
447
207

432
479
207

464
511
207

496
543
207

528
575
207

560
607
207

592
639
207

624
671
207

656
703
207

688
735
207

720
767
207

752
799
207

5080
5087
224

368
415
211

400
447
211

432
479
211

464
511
211

496
543
211

528
575
211

560
607
211

592
639
211

624
671
211

656
703
211

688
735
211

720
767
211

752
799
211

5080
5087
228

368
415
215

400
447
215

432
479
215

464
511
215

496
543
215

528
575
215

560
607
215

592
639
215

624
671
215

656
703
215

688
735
215

720
767
215

752
799
215

5080
5087
232

368
415
219

400
447
219

432
479
219

464
511
219

496
543
219

528
575
219

560
607
219

592
639
219

624
671
219

656
703
219

688
735
219

720
767
219

752
799
219

5080
5087
236

368
415
223

400
447
223

432
479
223

464
511
223

496
543
223

528
575
223

560
607
223

592
639
223

624
671
223

656
703
223

688
735
223

720
767
223

752
799
223

5080
5087
240

368
415
227

400
447
227

432
479
227

464
511
227

496
543
227

528
575
227

560
607
227

592
639
227

624
671
227

656
703
227

688
735
227

720
767
227

752
799
227

5080
5087
244

368
415
231

400
447
231

432
479
231

464
511
231

496
543
231

528
575
231

560
607
231

592
639
231

624
671
231

656
703
231

688
735
231

720
767
231

752
799
231

5080
5087
248

368
415
235

400
447
235

432
479
235

464
511
235

496
543
235

528
575
235

560
607
235

592
639
235

624
671
235

656
703
235

688
735
235

720
767
235

752
799
235

5080
5087
252

368
415
239

400
447
239

432
479
239

464
511
239

496
543
239

528
575
239

560
607
239

592
639
239

624
671
239

656
703
239

688
735
239

720
767
239

752
799
239

5080
5087
256

368
415
243

400
447
243

432
479
243

464
511
243

496
543
243

528
575
243

560
607
243

592
639
243

624
671
243

656
703
243

688
735
243

720
767
243

752
799
243

5080
5087
260

368
415
247

400
447
247

432
479
247

464
511
247

496
543
247

528
575
247

560
607
247

592
639
247

624
671
247

656
703
247

688
735
247

720
767
247

752
799
247

5080
5087
264

368
415
251

400
447
251

432
479
251

464
511
251

496
543
251

528
575
251

560
607
251

592
639
251

624
671
251

656
703
251

688
735
251

720
767
251

752
799
251

5080
5087
268

368
415
255

400
447
255

432
479
255

464
511
255

496
543
255

528
575
255

560
607
255

592
639
255

624
671
255

656
703
255

688
735
255

720
767
255

752
799
255

5080
5087
272

368
415
259

400
447
259

432
479
259

464
511
259

496
543
259

528
575
259

560
607
259

592
639
259

624
671
259

656
703
259

688
735
259

720
767
259

752
799
259

5080
5087
276

368
415
263

400
447
263

432
479
263

464
511
263

496
543
263

528
575
263

560
607
263

592
639
263

624
671
263

656
703
263

688
735
263

720
767
263

752
799
263

5080
5087
276

368
415
267

400
447
267

432
479
267

464
511
267

496
543
267

528
575
267

560
607
267

592
639
267

624
671
267

656
703
267

688
735
267

720
767
267

752
799
267

5080
5087
276

368
415
271

400
447
271

432
479
271

464
511
271

496
543
271

528
575
271

560
607
271

592
639
271

624
671
271

656
703
271

688
735
271

720
767
271

752
799
271

5080
5087
276

368
415
275

400
447
275

432
479
275

464
511
275

496
543
275

528
575
275

560
607
275

592
639
275

624
671
275

656
703
275

688
735
275

720
767
275

752
799
275

5080
5087
276

368
415
279

400
447
279

432
479
279

464
511
279

496
543
279

528
575
279

560
607
279

592
639
279

624
671
279

656
703
279

688
735
279

720
767
279

752
799
279

5080
5087
276

368
415
283

400
447
283

432
479
283

464
511
283

496
543
283

528
575
283

560
607
283

592
639
283

624
671
283

656
703
283

688
735
283

720
767
283

752
799
283

5080
5087
276

368
415
287

400
447
287

432
479
287

464
511
287

496
543
287

528
575
287

560
607
287

592
639
287

624
671
287

656
703
287

688
735
287

720
767
287

752
799
287

5080
5087
276

368
415
291

400
447
291

432
479
291

464
511
291

496
543
291

528
575
291

560
607
291

592
639
291

624
671
291

656
703
291

688
735
291

720
767
291

752
799
291

5080
5087
276

368
415
295

400
447
295

432
479
295

464
511
295

496
543
295

528
575
295

560
607
295

592
639
295

624
671
295

656
703
295

688
735
295

720
767
295

752
799
295

5080
5087
276

368
415
299

400
447
299

432
479
299

464
511
299

496
543
299

528
575
299

560
607
299

592
639
299

624
671
299

656
703
299

688
735
299

720
767
299

752
799
299

5080
5087
276

368
415
303

400
447
303

432
479
303

464
511
303

496
543
303

528
575
303

560
607
303

592
639
303

624
671
303

656
703
303

688
735
303

720
767
303

752
799
303

5080
5087
276

368
415
307

400
447
307

432
479
307

464
511
307

496
543
307

528
575
307

560
607
307

592
639
307

624
671
307

656
703
307

688
735
307

720
767
307

752
799
307

5080
5087
276

368
415
311

400
447
311

432
479
311

464
511
311

496
543
311

528
575
311

560
607
311

592
639
311

624
671
311

656
703
311

688
735
311

720
767
311

752
799
307

5080
5087
276

368
415
315

400
447
315

432
479
315

464
511
315

496
543
315

528
575
315

560
607
315

592
639
315

624
671
315

656
703
315

688
735
315

720
767
315

752
799
307

5080
5087
276

368
415
319

400
447
319

432
479
319

464
511
319

496
543
319

528
575
319

560
607
319

592
639
319

624
671
319

656
703
319

688
735
319

720
767
319

752
799
307

5080
5087
276

368
415
323

400
447
323

432
479
323

464
511
323

496
543
323

528
575
323

560
607
323

592
639
323

624
671
323

656
703
323

688
735
323

720
767
323

752
799
307

5080
5087
276

368
415
327

400
447
327

432
479
327

464
511
327

496
543
327

528
575
327

560
607
327

592
639
327

624
671
327

656
703
327

688
735
327

720
767
327

752
799
307

5080
5087
276

368
415
331

400
447
331

432
479
331

464
511
331

496
543
331

528
575
331

560
607
331

592
639
331

624
671
331

656
703
331

688
735
331

720
767
331

752
799
307

5080
5087
276

368
415
335

400
447
335

432
479
335

464
511
335

496
543
335

528
575
335

560
607
335

592
639
335

624
671
335

656
703
335

688
735
335

720
767
335

752
799
307

5080
5087
276

368
415
339

400
447
339

432
479
339

464
511
339

496
543
339

528
575
339

560
607
339

592
639
339

624
671
339

656
703
339

688
735
339

720
767
339

752
799
307

5080
5087
276

368
415
343

400
447
343

432
479
343

464
511
343

496
543
343

528
575
343

560
607
343

592
639
343

624
671
343

656
703
343

688
735
343

720
767
343

752
799
307

5080
5087
276

368
415
347

400
447
347

432
479
347

464
511
347

496
543
347

528
575
347

560
607
347

592
639
347

624
671
347

656
703
347

688
735
347

720
767
347

752
799
307

5080
5087
276

368
415
351

400
447
351

432
479
351

464
511
351

496
543
351

528
575
351

560
607
351

592
639
351

624
671
351

656
703
351

688
735
351

720
767
351

752
799
307

5080
5087
276

368
415
355

400
447
355

432
479
355

464
511
355

496
543
355

528
575
355

560
607
355

592
639
355

624
671
355

656
703
355

688
735
355

720
767
355

752
799
307

5080
5087
276

368
415
359

400
447
359

432
479
359

464
511
359

496
543
359

528
575
359

560
607
359

592
639
359

624
671
359

656
703
359

688
735
359

720
767
359

752
799
307

5080
5087
276

368
415
363

400
447
363

432
479
363

464
511
363

496
543
363

528
575
363

560
607
363

592
639
363

624
671
363

656
703
363

688
735
363

720
767
363

752
799
307

5080
5108
276

368
415
367

400
447
367

432
479
367

464
511
367

496
543
367

528
575
367

560
607
367

592
639
367

624
671
367

656
703
367

688
735
367

720
767
367

752
799
307

5078
5106
276

368
415
367

400
447
367

432
479
367

464
511
367

496
543
367

528
575
367

560
607
367

592
639
367

624
671
367

656
703
367

688
735
367

720
767
367

752
799
307

5076
5104
276

368
415
367

400
447
367

432
479
367

464
511
367

496
543
367

528
575
367

560
607
367

592
639
367

624
671
367

656
703
367

688
735
367

720
767
367

752
799
307

5074
5102
276

368
415
367

400
447
367

432
479
367

464
511
367

496
543
367

528
575
367

560
607
367

592
639
367

624
671
367

656
703
367

688
735
367

720
767
367

752
799
307

5072
5100
276

368
415
367

400
447
367

432
479
367

464
511
367

496
543
367

528
575
367

560
607
367

592
639
367

624
671
367

656
703
367

688
735
367

720
767
367

752
799
307

5070
5098
276

368
415
367

400
447
367

432
479
367

464
511
367

496
543
367

528
575
367

560
607
367

592
639
367

624
671
367

656
703
367

688
735
367

720
767
367

752
799
307

5068
5096
276

368
415
367

400
447
367

432
479
367

464
511
367

496
543
367

528
575
367

560
607
367

592
639
367

624
671
367

656
703
367

688
735
367

720
767
367

752
799
307

5066
5094
276

368
415
367

400
447
367

432
479
367

464
511
367

496
543
367

528
575
367

560
607
367

592
639
367

624
671
367

656
703
367

688
735
367

720
767
367

752
799
307

5064
5092
276

368
415
367

400
447
367

432
479
367

464
511
367

496
543
367

528
575
367

560
607
367

592
639
367

624
671
367

656
703
367

688
735
367

720
767
367

752
799
307

5062
5090
276

368
415
367

400
447
367

432
479
367

464
511
367

496
543
367

528
575
367

560
607
367

592
639
367

624
671
367

656
703
367

688
735
367

720
767
367

752
799
307

5060
5088
276

368
415
367

400
447
367

432
479
367

464
511
367

496
543
367

528
575
367

560
607
367

592
639
367

624
671
367

656
703
367

688
735
367

720
767
367

752
799
307

5058
5086
276

368
415
367

400
447
367

432
479
367

464
511
367

496
543
367

528
575
367

560
607
367

592
639
367

624
671
367

656
703
367

688
735
367

720
767
367

752
799
307

5056
5084
276

368
415
367

400
447
367

432
479
367

464
511
367

496
543
367

528
575
367

560
607
367

592
639
367

624
671
367

656
703
367

688
735
367

720
767
367

752
799
307

5054
5082
280

368
415
367

400
447
367

432
479
367

464
511
367

496
543
367

528
575
367

560
607
367

592
639
367

624
671
367

656
703
367

688
735
367

720
767
367

752
799
307

5052
5080
280

368
415
367

400
447
367

432
479
367

464
511
367

496
543
367

528
575
367

560
607
367

592
639
367

624
671
367

656
703
367

688
735
367

720
767
367

752
799
307

5050
5078
280

368
415
367

400
447
367

432
479
367

464
511
367

496
543
367

528
575
367

560
607
367

592
639
367

624
671
367

656
703
367

688
735
367

720
767
367

752
799
307

5048
5076
280

368
415
367

400
447
367

432
479
367

464
511
367

496
543
367

528
575
367

560
607
367

592
639
367

624
671
367

656
703
367

688
735
367

720
767
367

752
799
307

5046
5074
284

368
415
367

400
447
367

432
479
367

464
511
367

496
543
367

528
575
367

560
607
367

592
639
367

624
671
367

656
703
367

688
735
367

720
767
367

752
799
307

5044
5072
284

368
415
367

400
447
367

432
479
367

464
511
367

496
543
367

528
575
367

560
607
367

592
639
367

624
671
367

656
703
367

688
735
367

720
767
367

752
799
307

5042
5070
284

368
415
367

400
447
367

432
479
367

464
511
367

496
543
367

528
575
367

560
607
367

592
639
367

624
671
367

656
703
367

688
735
367

720
767
367

752
799
307

5040
5068
288

368
415
367

400
447
367

432
479
367

464
511
367

496
543
367

528
575
367

560
607
367

592
639
367

624
671
367

656
703
367

688
735
367

720
767
367

752
799
307

5038
5066
288

368
415
367

400
447
367

432
479
367

464
511
367

496
543
367

528
575
367

560
607
367

592
639
367

624
671
367

656
703
367

688
735
367

720
767
367

752
799
307

5036
5064
288

368
415
367

400
447
367

432
479
367

464
511
367

496
543
367

528
575
367

560
607
367

592
639
367

624
671
367

656
703
367

688
735
367

720
767
367

752
799
307

5034
5062
288

368
415
367

400
447
367

432
479
367

464
511
367

496
543
367

528
575
367

560
607
367

592
639
367

624
671
367

656
703
367

688
735
367

720
767
367

752
799
307

5032
5060
292

368
415
367

400
447
367

432
479
367

464
511
367

496
543
367

528
575
367

560
607
367

592
639
367

624
671
367

656
703
367

688
735
367

720
767
367

752
799
307

5030
5058
292

368
415
367

400
447
367

432
479
367

464
511
367

496
543
367

528
575
367

560
607
367

592
639
367

624
671
367

656
703
367

688
735
367

720
767
367

752
799
307

5028
5056
292

368
415
367

400
447
367

432
479
367

464
511
367

496
543
367

528
575
367

560
607
367

592
639
367

624
671
367

656
703
367

688
735
367

720
767
367

752
799
307

5026
5054
292

368
415
367

400
447
367

432
479
367

464
511
367

496
543
367

528
575
367

560
607
367

592
639
367

624
671
367

656
703
367

688
735
367

720
767
367

752
799
307

5024
5031
296

368
415
367

400
447
367

432
479
367

464
511
367

496
543
367

528
575
367

560
607
367

592
639
367

624
671
367

656
703
367

688
735
367

720
767
367

752
799
307

5024
5031
300

368
415
367

400
447
367

432
479
367

464
511
367

496
543
367

528
575
367

560
607
367

592
639
367

624
671
367

656
703
367

688
735
367

720
767
367

752
799
307

5024
5031
304

368
415
367

400
447
367

432
479
367

464
511
367

496
543
367

528
575
367

560
607
367

592
639
367

624
671
367

656
703
367

688
735
367

720
767
367

752
799
307

5024
5031
308

368
415
367

400
447
367

432
479
367

464
511
367

496
543
367

528
575
367

560
607
367

592
639
367

624
671
367

656
703
367

688
735
367

720
767
367

752
799
307

5024
5031
308

368
415
367

400
447
367

432
479
367

464
511
367

496
543
367

528
575
367

560
607
367

592
639
367

624
671
367

656
703
367

688
735
367

720
767
367

752
799
307

5024
5031
308

368
415
367

400
447
367

432
479
367

464
511
367

496
543
367

528
575
367

560
607
367

592
639
367

624
671
367

656
703
367

688
735
367

720
767
367

752
799
307

5024
5031
308

368
415
367

400
447
367

432
479
367

464
511
367

496
543
367

528
575
367

560
607
367

592
639
367

624
671
367

656
703
367

688
735
367

720
767
367

752
799
307

5024
5031
308

368
415
367

400
447
367

432
479
367

464
511
367

496
543
367

528
575
367

560
607
367

592
639
367

624
671
367

656
703
367

688
735
367

720
767
367

752
799
307

5024
5031
308

368
415
367

400
447
367

432
479
367

464
511
367

496
543
367

528
575
367

560
607
367

592
639
367

624
671
367

656
703
367

688
735
367

720
767
367

752
799
307

5024
5031
308

368
415
367

400
447
367

432
479
367

464
511
367

496
543
367

528
575
367

560
607
367

592
639
367

624
671
367

656
703
367

688
735
367

720
767
367

752
799
307

5024
5031
308

368
415
367

400
447
367

432
479
367

464
511
367

496
543
367

528
575
367

560
607
367

592
639
367

624
671
367

656
703
367

688
735
367

720
767
367

752
799
307

5024
5031
308

368
415
367

400
447
367

432
479
367

464
511
367

496
543
367

528
575
367

560
607
367

592
639
367

624
671
367

656
703
367

688
735
367

720
767
367

752
799
307

5024
5031
308

368
415
367

400
447
367

432
479
367

464
511
367

496
543
367

528
575
367

560
607
367

592
639
367

624
671
367

656
703
367

688
735
367

720
767
367

752
799
307

5024
5031
308

368
415
367

400
447
367

432
479
367

464
511
367

496
543
367

528
575
367

560
607
367

592
639
367

624
671
367

656
703
367

688
735
367

720
767
367

752
799
307

5024
5031
308

368
415
367

400
447
367

432
479
367

464
511
367

496
543
367

528
575
367

560
607
367

592
639
367

624
671
367

656
703
367

688
735
367

720
767
367

752
799
307

5024
5031
308

368
415
367

400
447
367

432
479
367

464
511
367

496
543
367

528
575
367

560
607
367

592
639
367

624
671
367

656
703
367

688
735
367

720
767
367

752
799
307

5024
5031
308

368
415
367

400
447
367

432
479
367

464
511
367

496
543
367

528
575
367

560
607
367

592
639
367

624
671
367

656
703
367

688
735
367

720
767
367

752
799
307

5024
5031
308

368
415
367

400
447
367

432
479
367

464
511
367

496
543
367

528
575
367

560
607
367

592
639
367

624
671
367

656
703
367

688
735
367

720
767
367

752
799
307

5024
5031
308

368
415
367

400
447
367

432
479
367

464
511
367

496
543
367

528
575
367

560
607
367

592
639
367

624
671
367

656
703
367

688
735
367

720
767
367

752
799
307

5024
5031
308

368
415
367

400
447
367

432
479
367

464
511
367

496
543
367

528
575
367

560
607
367

592
639
367

624
671
367

656
703
367

688
735
367

720
767
367

752
799
307

5024
5031
308

368
415
367

400
447
367

432
479
367

464
511
367

496
543
367

528
575
367

560
607
367

592
639
367

624
671
367

656
703
367

688
735
367

720
767
367

752
799
307

5024
5031
308

368
415
367

400
447
367

432
479
367

464
511
367

496
543
367

528
575
367

560
607
367

592
639
367

624
671
367

656
703
367

688
735
367

720
767
367

752
799
307

5024
5031
308

368
415
367

400
447
367

432
479
367

464
511
367

496
543
367

528
575
367

560
607
367

592
639
367

624
671
367

656
703
367

688
735
367

720
767
367

752
799
307

5024
5031
308

368
415
367

400
447
367

432
479
367

464
511
367

496
543
367

528
575
367

560
607
367

592
639
367

624
671
367

656
703
367

688
735
367

720
767
367

752
799
307

5024
5031
308

368
415
367

400
447
367

432
479
367

464
511
367

496
543
367

528
575
367

560
607
367

592
639
367

624
671
367

656
703
367

688
735
367

720
767
367

752
799
307

5024
5031
308

368
415
367

400
447
367

432
479
367

464
511
367

496
543
367

528
575
367

560
607
367

592
639
367

624
671
367

656
703
367

688
735
367

720
767
367

752
799
307

5024
5031
308

368
415
367

400
447
367

432
479
367

464
511
367

496
543
367

528
575
367

560
607
367

592
639
367

624
671
367

656
703
367

688
735
367

720
767
367

752
799
307

5024
5031
308

368
415
367

400
447
367

432
479
367

464
511
367

496
543
367

528
575
367

560
607
367

592
639
367

624
671
367

656
703
367

688
735
367

720
767
367

752
799
307

